0 0.0335672041015625 0.21542826171874999 0.0185546875 0.0361328125
0 0.033995743164062495 0.26363893066406247 0.017578125 0.04296875
0 0.289833693359375 0.27242398632812503 0.017578125 0.0361328125
0 0.6861936098808104 0.3540331865034375 0.0517578105 0.0005078105
0 0.679571564453105 0.4000134619140605 0.0605 0.017578105
0 0.6157190119140605 0.53607468359375 0.048808105 0.01953105
0 0.8312744697265625 0.539488728515625 0.0400390625 0.0458984375
0 0.8591095004609375 0.4909900158003105 0.0498046875 0.0166015605
0 0.997274236328125 0.07741108203125 0.015625 0.0263671875
0 0.8050886396484374 0.696005390578105 0.0341796875 0.0439453105
0 0.5764706953125 0.7560066220703124 0.0439453125 0.0390625
0 0.10890871875000001 0.49384456542968747 0.0380859375 0.01953125
0 0.09883804589843749 0.6584036484375 0.037109375 0.0322265625
