0 0.50816437890625 0.5234393291015625 0.0234375 0.029296875
0 0.8032970673828125 0.2583479873046875 0.0341796875 0.0185546875
0 0.8411638564453126 0.26176556738281254 0.0390625 0.0146484375
0 0.8355590044140605 0.3000011337890605 0.041015605 0.0146484375
0 0.9887318056640625 0.12439607128906251 0.01953125 0.0263671875
0 0.9875014765624999 0.088169720703125 0.017578125 0.033203125
0 0.9530522685546875 0.46110137988281247 0.03125 0.0361328125
0 0.9813498300310499 0.51113475390605 0.00734375 0.0361308105
0 0.8743110007031051 0.51113475390605 0.015605 0.041015605
0 0.8837275888671875 0.0202740517578125 0.0205078125 0.03515625
