0 0.134770705078125 0.0353184697265625 0.048828125 0.0283203125
0 0.0458449658003105 0.39184566015605 0.05078105 0.009096875
0 0.26818886035156253 0.432590408203125 0.048828125 0.029296875
0 0.45000588183593754 0.36008008007343747 0.04096875 0.0146484375
0 0.49688519140625004 0.36095851171875004 0.0380859375 0.0146484375
0 0.6311761650390605 -0.0036738164060499997 0.017578105 0.04096875
0 0.831614041015605 0.044518896484375 0.0498046875 0.0185546875
0 0.8246041923828125 0.1915066728515625 0.0224609375 0.0380859375
0 0.8460909130859374 0.0079360068359375 0.0166015605 0.048808105
0 0.6036587900390605 0.6344011845703105 0.0478515605 0.009096875
0 0.6546992548828126 0.799152640625 0.0458984375 0.02734375
0 0.7066159501953125 0.824125228515625 0.0419921875 0.0263671875
0 0.00390746484375 0.6096778349609375 0.0300734375 0.0576171875
