0 0.155918759765625 0.41567341503906247 0.037109375 0.021484375
0 0.15052251660156252 0.45767026464843746 0.0380859375 0.017578125
0 0.9064059541015625 0.142173166015625 0.0361328125 0.0302734375
0 0.8831786464843749 0.3486381040034375 0.0439453105 0.005390605
0 0.90241742578125 0.5626314833984375 0.0234375 0.0419921875
0 0.45107476171874994 0.66779815625 0.0166015625 0.0380859375
0 0.48837900558593744 0.7059837353515605 0.01953105 0.05078105
0 0.45084014057810494 0.8860086960890604 0.017578105 0.048808105
0 0.9559106201171875 0.88482098046875 0.0390625 0.017578125
0 0.962010720703125 0.9664684873046876 0.0341796875 0.017578125
