0 0.3171550263671875 0.513063578125 0.0458984375 0.0205078125
0 0.09394019140605 0.5466611005390605 0.0458984375 0.03105
0 0.10013666601560499 0.661198119140605 0.04096875 0.01953105
0 0.12549641796875 0.6830365107421875 0.0498046875 0.0283203125
0 0.31333219921875 0.8062335009765624 0.013671875 0.03125
0 0.2595761591796875 0.8092878212890625 0.015625 0.033203125
0 0.16550308984374998 0.7970705390625 0.0244140625 0.0341796875
0 0.169779138671875 0.9097749638671876 0.021484375 0.0390625
0 0.15374395605468750 0.985063960890605 0.0004609375 0.04096875
0 0.4192055517578125 0.59799713671875 0.0224609375 0.04296875
