0 0.4043059970703125 0.1642689580078125 0.0244140625 0.0390625
0 0.31720734960937497 0.3666652939453125 0.01953125 0.037109375
0 0.5546050730401875 0.07388135546875003 0.0300734375 0.050734375
0 0.6001073955078106 0.03590361601093747 0.0034375 0.0478515605
0 0.49708101069531055 0.5041663701171875 0.00734375 0.0478515605
0 0.23302871875 0.6717687285156251 0.0244140625 0.0361328125
0 0.6877285068359376 0.4136776884765625 0.03125 0.0419921875
0 0.3779728984375 0.9250482685546875 0.021484375 0.03125
0 0.8362667753906249 0.9268069189453124 0.04296875 0.0341796875
0 0.6983643730468749 0.9037018984374999 0.046875 0.0300734375
