0 0.1646103740034375 0.1144909008984375 0.0439453105 0.0439453105
0 0.22817087109375003 0.112125412109375 0.0400390625 0.029296875
0 0.26696158691406247 0.1445420673828125 0.0361328125 0.0283203125
0 0.39462492968749996 0.1398070498046875 0.037109375 0.041015625
0 0.4653496611308105 0.04045590034375 0.046875 0.0361308105
0 0.47154160644531046 0.0685017704609375 0.0517578105 0.0185546875
0 0.505961537109375 0.25411460546875003 0.033203125 0.025390625
0 0.569620259765625 0.559038390625 0.0205078125 0.0361328125
0 0.5871033994140624 0.5827134755859376 0.0166015625 0.0390625
0 0.6486586001171874 0.676867466796875 0.0576171875 0.0083003105
0 0.04013805073437500 0.6949571738081049 0.0341796875 0.03515605
0 0.272372591796875 0.7018775830078126 0.0380859375 0.0185546875
0 0.2844767578125 0.84259267578125 0.02734375 0.0439453125
