0 0.34413405078105003 0.073053 0.0439453105 0.0419901875
0 0.19560511230468752 0.14397218066406248 0.0205078125 0.0439453125
0 0.6039073310546876 0.0069061416015605 0.0458984375 0.015605
0 0.5311900419921876 0.2891941591796875 0.0224609375 0.0439453125
0 0.6580740595703105 0.379505704609375 0.0546875 0.015605
0 0.6742213574218751 0.009071612304687499 0.0361328125 0.015625
0 0.6006809052734374 0.6736394287109375 0.037109375 0.0146484375
0 0.6109435830078125 0.6958441318359375 0.0322265625 0.017578125
0 0.61038380078105 0.7150633091015606 0.05078105 0.0034375
0 0.4292196611328125 1.0010480634765624 0.0341796875 0.02734375
