0 0.1950301689453125 0.211423630859375 0.0419921875 0.0341796875
0 0.1502242509765625 0.23962500390625 0.041015625 0.0263671875
0 0.19595264453125 0.2488497509765625 0.041015625 0.029296875
0 0.054068556640605 0.01100808515605000 0.041015605 0.03105
0 0.0422707703203125 0.24613163671075 0.037109375 0.041015625
0 0.8343780849609375 0.178185673828125 0.033203125 0.0390625
0 0.9665453974609374 0.30933718359374995 0.0361308105 0.0419901875
0 0.15577330859375 0.49978797753906246 0.0341796875 0.033203125
0 0.093401650390605 0.6880993759765605 0.0380859375 0.0390605
0 0.4079466552734375 0.8427695810546875 0.03125 0.03515625
