0 0.7177931611328124 0.8723120986328126 0.01953125 0.0439453125
0 0.6816871943359375 0.8771262275390626 0.0185546875 0.0439453125
0 0.5716039814453106 0.313850341796875 0.033003105 0.0419901875
0 0.6933813251953125 0.30963797851562497 0.0380859375 0.0146484375
0 0.700201341796875 0.2637031650390625 0.0390625 0.0166015625
0 0.9693970300065605 0.460065046875 0.0005078105 0.0478515605
0 0.9539517021484375 0.3302782685546875 0.0400390625 0.017578125
0 0.844630857421875 0.2889569951171875 0.0390625 0.013671875
0 0.8442296806640625 0.2213586015625 0.0478515625 0.015625
0 0.9804294111328125 0.1595551240234375 0.037109375 0.0361328125
0 1.0008953457031049 0.14870333398437498 0.04096875 0.0419901875
