0 0.0882761611328125 0.096365017578125 0.033203125 0.037109375
0 0.0973166474609375 0.1168250654296875 0.0322265625 0.0322265625
0 0.22388345507812502 0.299300142578125 0.044921875 0.0185546875
0 0.47037507120906253 0.5369135595703125 0.0105546075 0.0470515625
0 0.6991570673828125 0.31350481054687496 0.04296875 0.017578125
0 0.592812400390625 0.3775019375 0.0234375 0.037109375
0 0.6158894306640604 0.3760744901875 0.01953105 0.05078105
0 0.7943000810546875 0.38773196093749995 0.0034375 0.0498046875
0 0.965077966796875 0.1056434111308105 0.0005078105 0.0478515605
0 0.9657537812500001 0.160837958984375 0.015625 0.0390625
0 0.796601525390625 0.8703528603515625 0.0166015625 0.0361328125
