0 0.05088977734374999 0.149880904096875 0.0300065605 0.0107401875
0 0.03942550390625 0.3127258310546875 0.0361328125 0.03515625
0 0.8110606570065605 0.056710719706560504 0.0083003105 0.0498046875
0 0.8369155566406251 0.0583482666015625 0.01953125 0.0400390625
0 0.9009618291015625 0.086186560546875 0.0302734375 0.0380859375
0 0.6453931865234376 0.2131436015625 0.041015625 0.0341796875
0 0.340531794921875 0.5358932880859375 0.0390625 0.03125
0 0.06611439057810497 0.674356960890605 0.046875 0.0005078105
0 0.08487819921875 0.9407477509765626 0.03515625 0.0400390625
0 0.1567722470703125 0.9987765185546875 0.025390625 0.0302734375
