0 0.700160341796875 0.0859950478515605 0.0576171875 0.0146484375
0 0.6453483105 0.11008557401875 0.0498046875 0.0005078105
0 0.824474025390625 0.11647053613281251 0.046875 0.017578125
0 0.9012108671875 0.114058806640625 0.0458984375 0.01953125
0 0.8900292128906251 0.0864335439453125 0.04296875 0.0166015625
0 0.9058150771484376 0.2673132421875 0.041015625 0.0390625
0 0.6071991396484375 0.3611514365034375 0.0300065605 0.0419901875
0 0.056177303710937494 0.1355451220703125 0.0439453125 0.015625
0 0.7065401123046075 0.7706345107421075 0.01953125 0.0419921075
0 0.7056552988281249 0.9562001611328126 0.0263671875 0.0400390625
