0 0.24748132421874997 0.1256540712890625 0.0380859375 0.03515625
0 0.20524985546875 0.17228465039062502 0.03515625 0.0341796875
0 0.03190359667968748 0.33900659374999997 0.041015605 0.033003105
0 0.34542524707031247 0.3518947099609375 0.033203125 0.03125
0 0.68491923046875 0.0640114482421875 0.03515625 0.03125
0 0.6970607783003105 0.18789040380810499 0.0390605 0.0400390605
0 0.6734391660156249 0.6325041552734375 0.037109375 0.0380859375
0 0.7825371259765624 0.6423581640625 0.0341796875 0.037109375
0 0.708630056640605 0.700186078105 0.0439453105 0.009096875
0 0.550310890578105 0.65747455859375 0.005390605 0.0419901875
0 0.50755153125 0.65729059375 0.0203203125 0.044921075
0 0.04709850909687499 0.6561068916015605 0.0044140605 0.041015605
0 0.191500036308105 0.8734419460890605 0.015605 0.0400390605
